8: (6898, 1885)
37: (7392, 2244)
30: (7545, 2801)
43: (7509, 3239)
17: (7462, 3590)
6: (7573, 3716)
27: (7541, 3981)
35: (7248, 3779)
29: (7352, 4506)
5: (7608, 4458)
36: (7762, 4595)
18: (7732, 4723)
26: (7555, 4819)
42: (7280, 4899)
16: (7611, 5184)
45: (6807, 2993)
32: (6426, 3173)
14: (6347, 2683)
11: (5989, 2873)
10: (5468, 2606)
22: (5199, 2182)
13: (4612, 2035)
24: (4307, 2322)
12: (4706, 2674)
20: (4483, 3369)
46: (5185, 3258)
19: (5900, 3561)
39: (6271, 2135)
2: (5530, 1424)
21: (6101, 1110)
15: (6107, 669)
40: (4985, 140)
33: (4608, 1198)
28: (3177, 756)
4: (3082, 1644)
47: (3023, 1942)
38: (3484, 2829)
31: (3245, 3305)
23: (1633, 2809)
9: (1112, 2049)
41: (1916, 1569)
25: (675, 1006)
3: (401, 841)
34: (23, 2216)
44: (10, 2676)
1: (2233, 10)
7: (7265, 1268)
[ 0, 8, 37, 30, 43, 17, 6, 27, 35, 29, 5, 36, 18, 26, 42, 16, 45, 32, 14, 11, 10, 22, 13, 24, 12, 20, 46, 19, 39, 2, 21, 15, 40, 33, 28, 4, 47, 38, 31, 23, 9, 41, 25, 3, 34, 44, 1, 7 ]
Distance: 157226
Nearest Neighbour took 864 µs, 0 ms
Main took 879 µs, 0 ms
